SUCCESS:
584493733090350995161172
226259541310985219684493
025085573978590195940273
851819859687055332135937
121734652591187609416028
016022792308898870208950
269738342892203849892523
150559901277056989768266
761686871495981274071483
415089150541697150860064
625142016292678737963305
562752177286999737855756
883740039228859592443909
738618832774880922952334
498742577189186888008670
313337544639018209075543
804041310974388024569391
968118643875605564208511
560561504613398202370166
134453288346383796098747
720263559557408075930559
487022779143254061106380
797849530838340212398227
716469170505792728559353
916851067582796790959976
499435635567226719175696
365838680660827519589921
879599610633644244731633
412699264286083753173282
FAIL:
724355771108011004123533
